0 0.0034882139858074517 0.03571428571428571 0.03571428571428571 
1 0.005094566089376337 0.09090909090909091 0.09090909090909091 
2 0.0072219462245385465 0.09090909090909091 0.09090909090909091 
3 0.01003919936413088 0.05128205128205128 0.09090909090909091 
4 0.012840809115477197 0.06896551724137931 0.09090909090909091 
5 0.01605588028580074 0.07266224525101583 0.09090909090909091 
6 0.019049000153412057 0.12389994336581911 0.12389994336581911 
7 0.02274753925095221 0.12389994336581911 0.12389994336581911 
8 0.028780934601197395 1.0 1.0 

generation_number mean_fitness best_fitness_of_entire_population_for_current_generation 
